name: sra-tools
channels:
  - bioconda
  - conda-forge
  - r
dependencies:
  - _libgcc_mutex=0.1=conda_forge
  - _openmp_mutex=4.5=2_gnu
  - c-ares=1.34.5=hb9d3cd8_0
  - ca-certificates=2025.7.14=hbd8a1cb_0
  - curl=8.14.1=h332b0f4_0
  - keyutils=1.6.1=h166bdaf_0
  - krb5=1.21.3=h659f571_0
  - libcurl=8.14.1=h332b0f4_0
  - libedit=3.1.20250104=pl5321h7949ede_0
  - libev=4.33=hd590300_2
  - libgcc=15.1.0=h767d61c_3
  - libgcc-ng=15.1.0=h69a702a_3
  - libgomp=15.1.0=h767d61c_3
  - libiconv=1.18=h4ce23a2_1
  - liblzma=5.8.1=hb9d3cd8_2
  - libnghttp2=1.64.0=h161d5f1_0
  - libssh2=1.11.1=hcf80075_0
  - libstdcxx=15.1.0=h8f9b012_3
  - libstdcxx-ng=15.1.0=h4852527_3
  - libxcrypt=4.4.36=hd590300_1
  - libxml2=2.14.5=hfac4753_0
  - libzlib=1.3.1=hb9d3cd8_2
  - ncbi-vdb=3.2.1=h9948957_0
  - ncurses=6.5=h2d0b736_3
  - openssl=3.5.1=h7b32b05_0
  - ossuuid=1.6.2=h5888daf_1001
  - perl=5.32.1=7_hd590300_perl5
  - perl-alien-build=2.84=pl5321h7b50bb2_1
  - perl-alien-build-plugin-download-gitlab=0.01=pl5321hdfd78af_0
  - perl-alien-libxml2=0.20=pl5321hd2ab53c_0
  - perl-business-isbn=3.007=pl5321hdfd78af_0
  - perl-business-isbn-data=20210112.006=pl5321hdfd78af_0
  - perl-capture-tiny=0.48=pl5321hdfd78af_2
  - perl-carp=1.38=pl5321hdfd78af_4
  - perl-constant=1.33=pl5321hdfd78af_2
  - perl-data-dumper=2.183=pl5321hec16e2b_1
  - perl-encode=3.19=pl5321hec16e2b_1
  - perl-exporter=5.72=pl5321hdfd78af_2
  - perl-extutils-makemaker=7.70=pl5321hd8ed1ab_0
  - perl-ffi-checklib=0.28=pl5321hdfd78af_0
  - perl-file-chdir=0.1010=pl5321hdfd78af_3
  - perl-file-path=2.18=pl5321hd8ed1ab_0
  - perl-file-temp=0.2304=pl5321hd8ed1ab_0
  - perl-file-which=1.24=pl5321hd8ed1ab_0
  - perl-importer=0.026=pl5321hdfd78af_0
  - perl-mime-base64=3.16=pl5321hec16e2b_2
  - perl-parent=0.236=pl5321hdfd78af_2
  - perl-path-tiny=0.122=pl5321hdfd78af_0
  - perl-pathtools=3.75=pl5321hec16e2b_3
  - perl-scope-guard=0.21=pl5321hdfd78af_3
  - perl-sub-info=0.002=pl5321hdfd78af_1
  - perl-term-table=0.024=pl5321hdfd78af_0
  - perl-test2-suite=0.000163=pl5321hdfd78af_0
  - perl-uri=5.12=pl5321hdfd78af_0
  - perl-xml-libxml=2.0210=pl5321hd2ab53c_1
  - perl-xml-namespacesupport=1.12=pl5321hdfd78af_1
  - perl-xml-sax=1.02=pl5321hdfd78af_1
  - perl-xml-sax-base=1.09=pl5321hdfd78af_1
  - sra-tools=3.2.1=h4304569_1
  - zstd=1.5.7=hb8e6e7a_2
prefix: /master/nplatt/miniforge3/envs/sra-tools
